00000000000000000000000001000000
00000000000000000000000000011001
00000000000000000000000000001100
00000000000000000000000000010110
00000000000000000000000000001011
00000000000000000000000001011010
00000000000000000000000000100010
00000000000000000000000001001110
00000000000000000000011110110111
00000000010001111000011110010011
00000000000001111010010100000011
00000000010001111010010110000011
00000000100001111010011000000011
00000000110001111010011010000011
00000001000001111010001010000011
00000001010001111010001100000011
00000001100001111010001110000011
00000001110001111010111000000011
